V01000 V04001 V04002 V04003 V10004 V10201 V10202 V12001 V12052 V12053 V13004 V13003 V13007 V13201 V13241 V13242 V11002 V11042 V11212 V11041 V11043 V14032
58362 2014 1 1 10198 10217 10181 57 156 -7 49 59 20 0 32766 20 13 56 12 86 12 76 
58362 2014 1 2 10185 10204 10161 72 157 0 66 67 33 0 32766 18 17 45 4 69 5 78 
58362 2014 1 3 10163 10186 10149 116 159 82 74 58 24 0 32766 18 20 47 14 82 14 51 
58362 2014 1 4 10217 10234 10186 72 118 52 77 76 41 0 32766 12 24 50 2 80 2 0 
58362 2014 1 5 10240 10255 10224 40 98 -7 62 78 55 0 32766 13 13 33 5 53 5 64 
58362 2014 1 6 10244 10266 10227 81 133 4 75 71 47 0 32766 18 25 54 6 93 6 67 
58362 2014 1 7 10193 10237 10167 103 121 89 108 85 69 39 32766 30 19 37 6 68 7 0 
58362 2014 1 8 10226 10287 10169 74 105 50 90 86 70 89 32766 16 41 59 1 121 1 0 
58362 2014 1 9 10324 10345 10287 30 50 17 44 58 47 0 32766 25 28 59 1 105 2 57 
58362 2014 1 10 10328 10344 10293 25 79 -27 48 70 34 0 32766 16 11 48 4 83 4 76 
58362 2014 1 11 10310 10327 10294 56 65 44 69 76 61 25 32766 14 32 42 4 70 4 0 
58362 2014 1 12 10308 10326 10290 59 83 45 67 73 51 41 32766 15 23 40 3 76 16 0 
58362 2014 1 13 10320 10341 10306 47 64 34 55 65 50 0 32766 21 31 47 2 94 2 34 
58362 2014 1 14 10323 10340 10307 44 74 30 52 63 45 0 32766 16 22 47 2 81 2 56 
58362 2014 1 15 10337 10360 10318 44 73 16 49 60 41 0 32766 17 18 38 2 75 2 89 
58362 2014 1 16 10290 10327 10258 52 113 -9 62 74 42 0 32766 14 10 35 4 59 10 78 
58362 2014 1 17 10266 10280 10247 65 113 18 73 77 55 0 32766 12 13 30 4 52 4 57 
58362 2014 1 18 10331 10352 10273 55 88 42 65 72 51 0 32766 16 34 46 15 88 2 29 
58362 2014 1 19 10296 10355 10251 39 102 -20 58 74 44 0 32766 16 18 48 9 73 8 80 
58362 2014 1 20 10270 10298 10251 54 102 25 54 63 31 0 32766 20 30 56 15 95 15 62 
58362 2014 1 21 10320 10335 10298 32 54 4 36 47 25 0 32766 28 31 66 15 126 14 69 
58362 2014 1 22 10309 10336 10291 19 60 -41 38 56 25 0 32766 21 17 31 3 63 2 75 
58362 2014 1 23 10247 10296 10211 57 121 -21 54 62 28 0 32766 53 29 52 9 91 9 82 
58362 2014 1 24 10174 10217 10147 116 181 54 77 60 25 0 32766 23 35 54 9 81 9 88 
58362 2014 1 25 10187 10249 10150 109 143 72 88 68 42 0 32766 16 36 65 14 115 2 41 
58362 2014 1 26 10292 10320 10247 67 92 52 65 67 48 0 32766 25 29 55 2 107 1 65 
58362 2014 1 27 10238 10290 10203 72 142 -4 69 71 37 0 32766 23 17 45 9 71 4 87 
58362 2014 1 28 10236 10262 10204 83 130 49 87 80 56 0 32766 13 22 47 3 78 3 49 
58362 2014 1 29 10201 10265 10159 106 144 66 106 84 68 4 32766 9 21 54 9 93 9 0 
58362 2014 1 30 10185 10207 10169 106 183 76 106 85 54 0 32766 12 26 41 4 70 4 27 
58362 2014 1 31 10190 10217 10161 142 202 79 124 78 57 0 32766 17 32 49 9 73 9 75 
58362 2014 2 1 10127 10165 10099 180 245 145 139 70 41 0 32766 21 27 58 11 93 11 61 
58362 2014 2 2 10120 10143 10089 103 167 89 117 94 68 0 32766 14 27 41 4 59 5 0 
58362 2014 2 3 10172 10236 10104 75 95 50 85 80 62 0 32766 18 37 57 3 122 1 0 
58362 2014 2 4 10266 10284 10236 35 53 21 43 55 43 0 32766 35 30 49 2 89 1 56 
58362 2014 2 5 10231 10269 10195 52 66 27 70 78 54 24 32766 21 37 56 4 102 5 0 
58362 2014 2 6 10176 10203 10163 78 86 66 101 95 90 222 32766 28 36 65 4 107 4 0 
58362 2014 2 7 10173 10195 10153 53 77 37 82 92 88 235 32766 19 37 67 4 117 4 0 
58362 2014 2 8 10216 10235 10185 31 46 15 54 71 57 4 32766 24 43 56 15 104 15 30 
58362 2014 2 9 10252 10272 10229 21 33 9 51 72 63 32700 32766 22 40 71 1 131 2 0 
58362 2014 2 10 10288 10307 10268 -2 18 -12 43 71 60 32700 32766 23 54 67 15 129 1 0 
58362 2014 2 11 10269 10291 10246 5 28 -24 44 71 60 0 32766 51 35 56 15 104 15 13 
58362 2014 2 12 10268 10283 10259 35 57 12 61 78 65 1 32766 10 34 46 4 85 16 0 
58362 2014 2 13 10284 10296 10266 53 74 41 60 68 58 32700 32766 16 31 56 1 105 2 8 
58362 2014 2 14 10281 10296 10265 46 75 28 55 66 41 0 32766 22 26 55 1 105 1 42 
58362 2014 2 15 10273 10288 10258 42 86 -2 56 68 42 0 32766 20 18 43 4 71 4 88 
58362 2014 2 16 10235 10273 10215 68 82 43 81 82 61 130 32766 16 29 38 6 68 5 0 
58362 2014 2 17 10205 10233 10182 79 90 66 104 98 95 111 32766 19 36 48 13 86 2 0 
58362 2014 2 18 10243 10257 10225 46 66 37 78 91 90 295 32766 31 34 52 2 107 2 0 
58362 2014 2 19 10266 10282 10248 33 45 20 68 87 70 69 32766 30 33 52 15 91 16 0 
58362 2014 2 20 10306 10320 10282 38 85 2 58 74 45 0 32766 18 24 46 14 80 14 71 
58362 2014 2 21 10308 10326 10290 38 84 -8 59 76 44 0 32766 20 17 48 4 74 4 78 
58362 2014 2 22 10293 10309 10276 68 105 41 70 71 55 0 32766 21 31 52 4 82 3 75 
58362 2014 2 23 10290 10305 10279 76 110 55 78 76 58 0 32766 18 24 48 4 77 5 78 
58362 2014 2 24 10263 10287 10243 86 117 62 102 91 79 9 32766 8 25 35 4 60 4 0 
58362 2014 2 25 10222 10257 10200 97 112 85 116 96 91 282 32766 27 39 66 5 119 6 0 
58362 2014 2 26 10209 10232 10186 94 104 89 113 96 93 22 32766 16 21 49 4 84 4 0 
58362 2014 2 27 10234 10248 10213 104 139 77 107 86 68 0 32766 11 8 28 4 43 2 0 
58362 2014 2 28 10217 10241 10192 79 112 70 100 94 77 35 32766 13 26 51 4 77 4 0 
58362 2014 3 1 10205 10218 10189 65 76 58 83 86 76 145 32766 18 26 45 1 85 1 0 
58362 2014 3 2 10237 10253 10211 72 105 45 68 67 45 0 32766 22 32 46 2 89 4 61 
58362 2014 3 3 10245 10264 10229 85 121 54 77 70 48 0 32766 25 36 70 5 112 4 91 
58362 2014 3 4 10214 10234 10194 93 106 87 97 83 71 25 32766 12 24 39 6 68 5 0 
58362 2014 3 5 10268 10279 10229 77 98 59 69 66 41 0 32766 27 36 52 3 110 2 76 
58362 2014 3 6 10288 10299 10252 62 81 54 57 60 50 0 32766 26 25 50 4 78 4 0 
58362 2014 3 7 10308 10326 10287 69 98 43 57 58 25 0 32766 18 26 50 4 84 5 55 
58362 2014 3 8 10255 10302 10228 74 85 65 64 62 50 0 32766 23 29 46 4 86 6 0 
58362 2014 3 9 10260 10270 10248 71 132 16 66 70 26 0 32766 17 9 36 2 70 15 93 
58362 2014 3 10 10278 10294 10263 84 130 41 87 80 61 0 32766 17 24 46 4 68 6 60 
58362 2014 3 11 10232 10282 10190 113 158 71 85 65 46 0 32766 27 42 66 9 109 9 91 
58362 2014 3 12 10141 10197 10101 129 153 94 133 89 65 121 32766 10 37 58 8 112 2 0 
58362 2014 3 13 10218 10239 10156 73 102 52 57 57 34 86 32766 42 40 73 15 127 16 78 
58362 2014 3 14 10239 10255 10224 93 154 34 57 50 27 0 32766 24 21 49 14 85 14 98 
58362 2014 3 15 10213 10237 10186 130 200 48 66 47 21 0 32766 34 25 56 11 86 9 82 
58362 2014 3 16 10197 10224 10179 158 233 68 97 57 24 0 32766 30 31 58 8 97 8 103 
58362 2014 3 17 10152 10189 10127 186 245 149 139 67 44 32700 32766 21 26 55 12 89 12 70 
58362 2014 3 18 10161 10175 10141 162 239 117 137 75 53 0 32766 25 25 57 4 90 1 73 
58362 2014 3 19 10154 10179 10125 103 117 96 104 83 73 14 32766 27 30 62 4 102 3 0 
58362 2014 3 20 10231 10263 10170 97 121 87 68 57 33 32700 32766 36 48 64 16 116 1 4 
58362 2014 3 21 10266 10284 10250 96 138 46 54 47 27 0 32766 41 25 53 16 109 16 101 
58362 2014 3 22 10252 10268 10233 114 175 30 51 41 20 0 32766 42 31 50 9 83 10 103 
58362 2014 3 23 10256 10274 10235 130 192 86 90 61 33 0 32766 41 37 54 9 92 8 96 
58362 2014 3 24 10194 10248 10156 168 223 125 126 67 44 0 32766 26 30 49 9 84 8 94 
58362 2014 3 25 10128 10172 10095 175 208 153 167 84 66 90 32766 23 20 41 9 69 9 9 
58362 2014 3 26 10135 10159 10099 163 186 143 152 82 65 0 32766 21 26 66 14 115 15 24 
58362 2014 3 27 10168 10191 10152 141 200 108 132 83 57 0 32766 32 32 56 4 89 6 99 
58362 2014 3 28 10119 10170 10081 157 193 119 156 86 81 11 32766 21 33 59 9 104 8 0 
58362 2014 3 29 10069 10104 10044 163 175 151 177 96 90 104 32766 10 24 52 16 104 16 0 
58362 2014 3 30 10156 10179 10105 139 182 116 125 80 59 0 32766 31 24 55 15 109 16 86 
58362 2014 3 31 10157 10181 10135 126 148 109 109 75 63 0 32766 33 28 48 4 77 4 0 
58362 2014 4 1 10151 10164 10136 143 187 122 127 79 47 0 32766 24 25 50 5 72 5 30 
58362 2014 4 2 10156 10171 10143 145 187 110 131 80 64 0 32766 17 25 43 6 67 6 2 
58362 2014 4 3 10171 10203 10148 150 203 123 126 76 40 0 32766 28 29 55 1 111 1 60 
58362 2014 4 4 10188 10216 10151 132 192 71 72 50 24 0 32766 46 25 50 2 106 15 96 
58362 2014 4 5 10191 10241 10148 129 185 87 84 57 36 0 32766 42 29 72 2 122 2 105 
58362 2014 4 6 10251 10273 10229 119 165 46 52 40 19 0 32766 50 24 54 4 94 6 88 
58362 2014 4 7 10184 10239 10151 139 186 103 104 65 36 32700 32766 41 33 51 9 89 8 60 
58362 2014 4 8 10161 10176 10148 163 213 130 140 77 53 6 32766 24 19 41 3 60 4 62 
58362 2014 4 9 10166 10187 10146 170 224 137 143 76 51 0 32766 27 17 44 4 65 4 81 
58362 2014 4 10 10172 10193 10154 180 248 116 107 57 13 32700 32766 46 21 48 4 73 5 76 
58362 2014 4 11 10148 10173 10126 153 192 122 137 79 57 32700 32766 28 35 52 4 79 5 22 
58362 2014 4 12 10100 10139 10083 168 183 151 178 93 85 462 32766 19 29 56 7 105 7 0 
58362 2014 4 13 10162 10199 10103 137 171 131 140 89 80 3 32766 17 26 52 13 101 2 0 
58362 2014 4 14 10213 10232 10198 148 204 89 128 78 44 0 32766 29 14 37 5 59 4 95 
58362 2014 4 15 10192 10216 10158 160 215 111 112 64 33 0 32766 47 33 61 6 97 7 105 
58362 2014 4 16 10119 10168 10089 171 192 147 166 85 65 67 32766 19 28 61 8 108 8 0 
58362 2014 4 17 10098 10120 10075 176 211 160 178 89 80 24 32766 13 18 44 14 69 14 0 
58362 2014 4 18 10158 10173 10120 151 176 134 142 82 67 0 32766 22 28 52 4 85 3 17 
58362 2014 4 19 10144 10165 10122 142 152 134 151 93 78 248 32766 24 40 60 4 102 6 0 
58362 2014 4 20 10169 10184 10158 145 168 130 136 83 68 32700 32766 23 36 48 4 71 4 0 
58362 2014 4 21 10164 10178 10148 135 149 127 133 86 71 92 32766 18 23 34 4 53 5 0 
58362 2014 4 22 10177 10195 10164 153 197 123 124 73 42 65 32766 28 19 38 3 69 3 55 
58362 2014 4 23 10177 10193 10151 154 213 89 106 64 26 0 32766 37 18 48 6 88 5 48 
58362 2014 4 24 10165 10180 10153 179 219 136 155 76 57 0 32766 30 36 58 7 97 7 42 
58362 2014 4 25 10177 10194 10168 190 230 170 161 74 55 2 32766 37 45 78 7 150 6 28 
58362 2014 4 26 10151 10173 10143 176 183 171 186 92 81 309 32766 47 43 59 8 117 8 0 
58362 2014 4 27 10135 10157 10117 175 189 167 180 90 77 116 32766 22 26 63 14 99 13 0 
58362 2014 4 28 10151 10161 10134 168 180 160 145 76 65 32700 32766 25 31 64 15 122 14 6 
58362 2014 4 29 10145 10166 10121 171 221 115 129 69 29 0 32766 34 30 58 14 111 1 30 
58362 2014 4 30 10135 10153 10116 179 235 114 122 63 29 0 32766 36 21 40 8 64 8 91 
58362 2014 5 1 10135 10149 10116 214 279 149 153 60 37 0 32766 37 18 38 4 61 14 87 
58362 2014 5 2 10159 10199 10137 229 305 164 147 55 27 32700 32766 46 29 56 13 102 16 91 
58362 2014 5 3 10208 10228 10185 169 194 157 100 53 28 32700 32766 54 24 47 6 95 7 0 
58362 2014 5 4 10164 10194 10141 160 181 146 132 73 53 97 32766 20 13 40 7 76 1 0 
58362 2014 5 5 10215 10232 10193 162 199 131 73 41 20 0 32766 49 24 38 4 77 3 93 
58362 2014 5 6 10194 10229 10164 170 223 92 72 40 18 0 32766 60 30 59 9 96 9 109 
58362 2014 5 7 10113 10171 10073 203 265 148 133 57 34 0 32766 53 37 53 9 94 9 111 
58362 2014 5 8 10133 10157 10091 197 242 160 147 66 36 0 32766 37 25 54 4 94 3 105 
58362 2014 5 9 10153 10163 10137 171 209 157 141 73 52 0 32766 34 28 49 6 87 4 80 
58362 2014 5 10 10125 10153 10099 182 195 168 187 89 65 27 32766 19 34 55 6 105 6 0 
58362 2014 5 11 10060 10105 10038 210 238 190 221 89 81 144 32766 13 44 69 9 115 8 0 
58362 2014 5 12 10108 10124 10087 217 269 158 151 61 36 1 32766 27 14 39 13 59 14 90 
58362 2014 5 13 10075 10120 10031 220 270 171 131 51 26 32700 32766 53 30 72 9 112 8 36 
58362 2014 5 14 10008 10040 9990 224 278 190 208 79 47 128 32766 31 24 50 15 96 14 31 
58362 2014 5 15 10059 10080 10019 217 260 190 154 60 30 32700 32766 41 26 48 3 85 2 96 
58362 2014 5 16 10093 10104 10080 222 280 156 124 48 20 0 32766 51 24 48 4 72 7 103 
58362 2014 5 17 10098 10110 10084 190 228 171 187 85 50 11 32766 19 26 50 7 84 7 0 
58362 2014 5 18 10111 10123 10098 182 198 167 170 82 68 8 32766 16 29 43 4 72 4 0 
58362 2014 5 19 10097 10125 10073 191 204 177 200 91 70 4 32766 11 17 33 4 56 5 0 
58362 2014 5 20 10069 10082 10055 212 263 188 199 81 49 176 32766 30 27 53 15 98 15 58 
58362 2014 5 21 10087 10102 10075 231 290 168 195 71 47 0 32766 28 16 41 4 66 4 73 
58362 2014 5 22 10101 10126 10075 236 283 205 175 61 35 0 32766 56 29 84 9 133 9 87 
58362 2014 5 23 10151 10163 10125 228 276 192 192 70 45 0 32766 56 32 62 7 108 7 119 
58362 2014 5 24 10125 10171 10092 227 255 195 216 78 67 0 32766 30 43 73 9 112 8 27 
58362 2014 5 25 10074 10104 10058 243 281 229 265 87 74 19 32766 14 22 41 8 78 8 0 
58362 2014 5 26 10083 10100 10063 260 311 220 180 57 24 0 32766 39 20 46 2 90 15 75 
58362 2014 5 27 10043 10083 10008 275 327 222 159 45 24 0 32766 62 23 60 12 93 11 88 
58362 2014 5 28 10053 10069 10022 276 328 236 154 43 24 0 32766 53 27 49 15 87 14 82 
58362 2014 5 29 10066 10078 10046 278 330 226 169 45 37 0 32766 51 18 40 9 65 9 49 
58362 2014 5 30 10082 10095 10062 290 340 235 159 41 25 0 32766 61 31 46 9 78 9 100 
58362 2014 5 31 10102 10114 10087 253 287 226 200 62 40 0 32766 58 39 61 9 105 9 72 
58362 2014 6 1 10044 10103 10003 225 238 217 236 87 70 291 32766 37 47 65 8 131 8 0 
58362 2014 6 2 10012 10030 9995 232 256 211 232 82 64 32700 32766 23 42 70 14 123 14 6 
58362 2014 6 3 10039 10047 10030 206 224 195 185 77 65 6 32766 34 30 57 14 103 15 0 
58362 2014 6 4 10040 10052 10029 217 240 189 192 75 61 0 32766 26 35 53 14 91 15 8 
58362 2014 6 5 10052 10064 10039 221 256 200 205 78 63 0 32766 23 23 38 2 68 2 38 
58362 2014 6 6 10049 10063 10033 227 266 186 216 79 61 0 32766 32 21 47 4 75 4 87 
58362 2014 6 7 10032 10050 10013 247 286 211 236 77 59 0 32766 40 23 40 4 62 4 78 
58362 2014 6 8 10052 10062 10031 238 265 221 236 80 69 0 32766 30 22 50 4 73 4 22 
58362 2014 6 9 10063 10079 10055 229 264 206 209 75 62 0 32766 42 34 58 4 90 4 36 
58362 2014 6 10 10064 10074 10056 228 263 211 220 80 64 0 32766 39 28 49 4 83 4 59 
58362 2014 6 11 10064 10077 10049 235 268 210 217 76 58 0 32766 39 25 39 4 68 3 50 
58362 2014 6 12 10059 10068 10047 237 275 202 198 69 48 0 32766 41 26 47 3 74 3 61 
58362 2014 6 13 10065 10073 10050 261 318 200 209 64 39 0 32766 37 16 36 3 60 4 62 
58362 2014 6 14 10073 10083 10065 273 327 223 206 59 33 0 32766 42 19 48 5 74 4 82 
58362 2014 6 15 10072 10086 10056 259 279 241 223 67 51 32700 32766 29 16 41 4 67 5 0 
58362 2014 6 16 10038 10072 10017 232 246 224 243 86 72 32700 32766 28 40 57 6 108 7 0 
58362 2014 6 17 10013 10032 9994 221 234 210 246 92 87 74 32766 13 15 41 7 66 7 0 
58362 2014 6 18 10054 10066 10032 220 246 204 210 80 67 32700 32766 24 24 39 4 64 5 4 
58362 2014 6 19 10045 10065 10026 236 270 207 228 79 68 0 32766 29 30 43 6 77 6 30 
58362 2014 6 20 10025 10046 10011 233 253 227 263 92 81 19 32766 16 25 42 7 93 7 0 
58362 2014 6 21 10040 10059 10024 223 236 217 254 94 91 301 32766 22 20 38 3 70 3 0 
58362 2014 6 22 10078 10089 10059 226 251 210 229 84 70 8 32766 14 16 38 4 55 4 0 
58362 2014 6 23 10075 10093 10058 226 254 205 226 83 68 4 32766 17 11 43 8 69 8 10 
58362 2014 6 24 10063 10083 10047 244 285 199 239 79 61 0 32766 20 24 47 4 75 5 58 
58362 2014 6 25 10065 10078 10052 223 250 203 234 87 77 205 32766 15 26 43 6 73 6 0 
58362 2014 6 26 10046 10075 10027 216 222 200 245 95 92 572 32766 29 30 42 6 73 6 0 
58362 2014 6 27 10057 10069 10033 223 238 213 244 91 83 92 32766 21 13 33 4 51 4 0 
58362 2014 6 28 10064 10075 10046 242 298 197 252 85 57 161 32766 16 9 41 11 77 10 17 
58362 2014 6 29 10070 10080 10060 256 301 212 241 74 54 0 32766 23 17 30 4 49 9 13 
58362 2014 6 30 10093 10104 10073 245 284 225 223 74 42 26 32766 25 22 37 9 64 9 20 
58362 2014 7 1 10092 10108 10078 223 234 206 240 89 79 373 32766 20 17 46 6 79 6 0 
58362 2014 7 2 10030 10080 10010 243 267 214 282 93 83 96 32766 17 23 41 13 75 7 0 
58362 2014 7 3 10031 10043 10021 252 294 223 251 79 53 1 32766 25 23 36 16 65 13 58 
58362 2014 7 4 10060 10078 10042 242 262 224 248 82 74 7 32766 21 35 47 5 94 6 0 
58362 2014 7 5 10039 10078 10004 255 279 222 285 87 76 56 32766 12 27 46 7 90 7 0 
58362 2014 7 6 10040 10048 10023 248 270 219 251 81 68 217 32766 37 29 60 14 107 12 7 
58362 2014 7 7 10050 10066 10035 246 286 219 249 81 63 0 32766 27 20 41 6 66 6 36 
58362 2014 7 8 10027 10054 10003 252 283 228 263 82 68 0 32766 36 26 51 4 80 4 35 
58362 2014 7 9 9991 10014 9973 271 302 234 280 79 64 0 32766 50 40 62 15 128 16 66 
58362 2014 7 10 10018 10027 10002 289 336 240 305 78 54 0 32766 28 15 38 4 63 4 78 
58362 2014 7 11 10028 10036 10017 282 322 258 320 84 64 88 32766 31 18 41 5 73 15 55 
58362 2014 7 12 10022 10044 10009 273 341 249 315 87 56 106 32766 27 22 56 2 99 2 30 
58362 2014 7 13 10052 10067 10017 244 259 229 272 89 75 324 32766 22 20 57 14 104 14 0 
58362 2014 7 14 10077 10086 10064 257 291 223 271 83 67 32700 32766 15 16 46 4 76 4 26 
58362 2014 7 15 10087 10100 10073 239 261 214 276 93 76 363 32766 10 8 42 4 62 4 0 
58362 2014 7 16 10087 10101 10075 265 308 231 291 85 61 9 32766 20 11 39 12 61 11 6 
58362 2014 7 17 10086 10099 10075 295 339 259 304 75 54 0 32766 22 26 39 10 67 8 58 
58362 2014 7 18 10095 10104 10083 296 330 276 316 77 59 0 32766 26 20 45 7 84 7 15 
58362 2014 7 19 10102 10113 10089 298 334 278 314 75 58 0 32766 25 20 47 9 82 9 0 
58362 2014 7 20 10090 10109 10068 298 333 263 319 76 64 0 32766 41 27 52 4 78 4 116 
58362 2014 7 21 10064 10086 10046 304 347 265 313 73 52 0 32766 56 27 40 8 68 7 77 
58362 2014 7 22 10053 10068 10029 305 350 272 305 71 48 0 32766 58 27 49 7 80 5 127 
58362 2014 7 23 10034 10054 10016 309 348 278 317 72 55 0 32766 62 45 52 7 90 8 121 
58362 2014 7 24 9996 10034 9969 303 330 288 321 75 62 0 32766 56 34 79 8 147 8 28 
58362 2014 7 25 10007 10065 9953 294 317 268 300 73 61 22 32766 48 67 87 11 210 10 0 
58362 2014 7 26 10099 10110 10065 281 313 261 291 77 63 8 32766 26 25 45 4 68 4 22 
58362 2014 7 27 10093 10115 10058 263 300 232 306 90 76 224 32766 31 20 69 13 132 13 11 
58362 2014 7 28 10065 10085 10041 274 315 232 297 82 61 24 32766 31 20 36 2 60 3 70 
58362 2014 7 29 10060 10074 10043 298 341 264 309 75 53 0 32766 43 28 47 8 82 7 46 
58362 2014 7 30 10059 10073 10042 304 346 274 313 73 51 0 32766 59 34 51 6 90 6 114 
58362 2014 7 31 10039 10063 10020 296 318 281 329 80 66 4 32766 60 37 67 5 112 4 92 
58362 2014 8 1 9985 10030 9963 265 285 255 300 87 79 284 32766 38 41 61 3 124 3 0 
58362 2014 8 2 9953 9973 9936 266 302 251 294 85 69 40 32766 25 51 71 15 147 15 10 
58362 2014 8 3 9995 10011 9973 296 338 264 305 75 55 0 32766 33 30 64 13 106 14 80 
58362 2014 8 4 10021 10029 10011 310 352 265 313 71 52 0 32766 38 17 36 4 56 6 52 
58362 2014 8 5 10034 10044 10022 307 343 273 327 75 59 0 32766 46 22 52 4 83 5 115 
58362 2014 8 6 10029 10049 10011 299 336 275 320 76 65 0 32766 44 20 50 4 76 5 40 
58362 2014 8 7 10025 10043 10005 293 332 269 315 78 58 10 32766 49 30 50 6 91 6 55 
58362 2014 8 8 10025 10038 10016 281 298 267 312 82 78 24 32766 24 28 40 4 69 7 3 
58362 2014 8 9 10034 10046 10023 261 275 247 305 90 83 147 32766 21 10 31 5 61 4 0 
58362 2014 8 10 10032 10044 10023 258 288 245 276 83 67 8 32766 24 18 45 14 78 14 0 
58362 2014 8 11 10044 10057 10034 263 293 235 255 75 55 0 32766 36 21 37 3 66 5 66 
58362 2014 8 12 10052 10061 10043 260 271 247 241 72 58 0 32766 34 16 36 5 68 4 0 
58362 2014 8 13 10044 10065 10026 272 302 250 277 77 60 0 32766 37 28 55 5 89 4 46 
58362 2014 8 14 10053 10082 10036 257 283 239 296 89 80 56 32766 22 26 59 4 107 4 0 
58362 2014 8 15 10099 10108 10081 246 277 237 266 86 64 32700 32766 17 19 38 4 54 3 0 
58362 2014 8 16 10093 10105 10082 258 279 236 255 77 65 0 32766 26 27 49 5 83 4 11 
58362 2014 8 17 10066 10088 10057 233 255 217 261 92 78 161 32766 20 34 47 4 93 5 0 
58362 2014 8 18 10097 10107 10074 232 244 222 266 94 88 354 32766 8 11 30 13 57 15 0 
58362 2014 8 19 10110 10125 10101 227 241 213 255 92 88 235 32766 6 6 26 1 47 1 0 
58362 2014 8 20 10095 10115 10078 229 235 222 256 92 86 291 32766 8 18 42 16 88 1 0 
58362 2014 8 21 10104 10116 10094 245 289 196 251 83 61 0 32766 19 15 30 5 55 1 61 
58362 2014 8 22 10102 10115 10082 265 298 228 292 85 71 0 32766 16 20 48 4 76 5 18 
58362 2014 8 23 10079 10096 10057 277 311 256 316 85 65 28 32766 16 11 40 4 60 4 26 
58362 2014 8 24 10056 10075 10033 292 341 255 303 76 55 1 32766 23 28 50 15 107 16 56 
58362 2014 8 25 10097 10118 10059 266 296 243 258 75 58 407 32766 32766 30 58 15 93 15 40 
58362 2014 8 26 10139 10153 10118 261 298 229 247 74 55 1 32766 33 11 31 4 55 3 37 
58362 2014 8 27 10144 10153 10133 230 258 209 225 80 68 31 32766 31 24 47 9 74 5 0 
58362 2014 8 28 10139 10152 10125 247 282 229 260 84 73 32700 32766 22 26 41 4 62 4 31 
58362 2014 8 29 10132 10145 10117 251 275 233 275 87 75 139 32766 20 12 61 16 121 16 0 
58362 2014 8 30 10130 10145 10113 254 287 231 255 80 63 0 32766 37 23 45 2 75 2 89 
58362 2014 8 31 10101 10128 10085 252 273 238 265 83 73 76 32766 23 26 42 3 68 7 5 
58362 2014 9 1 10083 10095 10067 262 290 241 291 86 73 595 32766 46 36 80 12 117 14 16 
58362 2014 9 2 10079 10099 10057 265 318 238 285 83 60 132 32766 27 32 50 14 94 15 53 
58362 2014 9 3 10076 10089 10053 241 266 227 267 89 70 646 32766 34 29 56 15 78 14 9 
58362 2014 9 4 10099 10110 10087 237 280 208 238 82 54 34 32766 29 24 39 13 67 14 56 
58362 2014 9 5 10104 10118 10089 255 291 213 247 77 58 0 32766 32 25 54 5 90 5 81 
58362 2014 9 6 10106 10119 10094 260 291 244 261 78 61 32700 32766 38 28 43 4 70 4 61 
58362 2014 9 7 10093 10109 10075 256 291 232 259 80 61 0 32766 33 20 37 4 67 4 66 
58362 2014 9 8 10082 10095 10068 255 291 225 245 76 54 32700 32766 32 18 31 4 50 3 22 
58362 2014 9 9 10084 10094 10073 261 291 244 248 74 58 0 32766 43 23 51 4 70 4 30 
58362 2014 9 10 10110 10126 10085 251 267 241 252 79 71 32700 32766 27 28 50 4 74 4 0 
58362 2014 9 11 10123 10136 10110 246 265 230 213 69 56 0 32766 41 32 42 4 64 4 29 
58362 2014 9 12 10086 10123 10060 247 260 237 244 78 68 1 32766 25 21 43 6 76 6 0 
58362 2014 9 13 10099 10121 10069 231 250 220 250 89 78 59 32766 20 34 53 4 88 3 0 
58362 2014 9 14 10125 10135 10111 246 270 232 240 78 63 0 32766 32 35 55 4 91 4 76 
58362 2014 9 15 10138 10149 10126 242 269 231 223 74 58 0 32766 47 36 52 4 86 3 86 
58362 2014 9 16 10148 10161 10138 242 269 222 225 75 62 0 32766 34 31 45 5 85 5 23 
58362 2014 9 17 10153 10165 10144 246 264 236 209 68 58 0 32766 39 35 52 4 84 4 13 
58362 2014 9 18 10159 10172 10148 217 238 199 204 79 61 45 32766 34 22 56 4 98 4 0 
58362 2014 9 19 10133 10165 10116 201 216 188 186 80 51 50 32766 29 12 33 2 60 1 0 
58362 2014 9 20 10113 10129 10103 216 253 182 216 84 64 0 32766 23 23 49 4 87 4 59 
58362 2014 9 21 10134 10147 10117 237 264 214 215 74 55 0 32766 34 38 64 4 112 4 97 
58362 2014 9 22 10120 10151 10096 231 239 222 235 83 71 11 32766 24 52 80 4 140 4 0 
58362 2014 9 23 10040 10103 9997 239 245 235 279 95 89 368 32766 18 47 83 4 152 3 0 
58362 2014 9 24 10113 10143 10048 234 266 222 241 84 64 15 32766 18 33 66 13 110 14 32 
58362 2014 9 25 10153 10168 10142 230 269 182 218 79 55 0 32766 30 12 37 2 55 2 95 
58362 2014 9 26 10139 10156 10127 236 270 203 227 79 61 0 32766 33 17 43 4 90 7 80 
58362 2014 9 27 10143 10158 10128 248 283 223 251 80 66 0 32766 25 26 42 4 71 6 33 
58362 2014 9 28 10128 10150 10106 253 292 224 242 76 57 0 32766 38 30 50 6 92 6 103 
58362 2014 9 29 10098 10129 10080 256 309 233 267 81 67 0 32766 29 30 53 15 111 14 50 
58362 2014 9 30 10174 10197 10129 210 237 191 197 79 61 4 32766 40 35 57 1 120 1 10 
58362 2014 10 1 10167 10200 10139 206 237 182 163 68 53 0 32766 33 25 40 1 76 1 76 
58362 2014 10 2 10121 10152 10102 224 271 173 189 72 44 0 32766 33 14 36 14 64 14 86 
58362 2014 10 3 10152 10170 10129 216 246 194 175 68 48 0 32766 45 37 53 1 108 2 101 
58362 2014 10 4 10170 10184 10154 209 243 181 159 65 50 0 32766 47 33 53 2 97 1 103 
58362 2014 10 5 10183 10198 10167 217 251 194 178 70 49 0 32766 41 30 63 1 114 2 85 
58362 2014 10 6 10212 10227 10194 207 235 194 146 60 40 0 32766 52 29 55 16 110 16 89 
58362 2014 10 7 10213 10228 10199 205 240 166 133 56 41 0 32766 43 29 43 4 73 5 83 
58362 2014 10 8 10200 10217 10181 201 235 146 158 67 52 0 32766 36 22 44 4 73 2 73 
58362 2014 10 9 10181 10199 10168 210 244 156 158 64 55 0 32766 36 17 47 4 76 3 56 
58362 2014 10 10 10175 10192 10163 217 252 194 193 75 58 0 32766 29 29 44 3 74 2 49 
58362 2014 10 11 10175 10186 10166 219 253 200 212 81 67 0 32766 25 30 59 4 96 3 35 
58362 2014 10 12 10156 10184 10136 216 247 201 182 71 56 0 32766 41 55 77 16 158 16 67 
58362 2014 10 13 10186 10210 10149 185 210 167 121 57 41 0 32766 73 57 78 15 141 16 63 
58362 2014 10 14 10209 10222 10193 165 203 123 87 48 25 0 32766 60 30 59 14 132 16 101 
58362 2014 10 15 10203 10219 10182 158 219 89 93 55 27 0 32766 33 20 38 13 82 14 91 
58362 2014 10 16 10227 10242 10199 181 239 118 129 64 36 0 32766 27 21 41 4 67 4 45 
58362 2014 10 17 10223 10248 10200 202 241 174 142 60 38 0 32766 33 26 54 4 78 5 65 
58362 2014 10 18 10207 10223 10196 205 243 179 148 63 39 0 32766 36 23 43 6 86 5 85 
58362 2014 10 19 10174 10210 10149 224 268 187 187 70 47 0 32766 35 32 66 9 111 9 86 
58362 2014 10 20 10138 10162 10116 246 304 189 189 63 41 0 32766 27 18 40 10 66 8 86 
58362 2014 10 21 10140 10176 10111 219 250 190 203 77 63 0 32766 22 33 68 15 136 16 8 
58362 2014 10 22 10214 10229 10176 188 227 163 153 72 44 0 32766 39 28 58 15 121 16 69 
58362 2014 10 23 10208 10229 10184 179 228 126 143 72 38 0 32766 32 10 36 4 59 6 94 
58362 2014 10 24 10188 10203 10171 201 255 123 141 63 31 0 32766 35 21 35 8 61 9 98 
58362 2014 10 25 10181 10196 10164 208 263 153 159 67 37 0 32766 30 23 40 8 69 6 98 
58362 2014 10 26 10182 10200 10167 213 274 153 182 74 41 0 32766 21 15 35 4 53 5 90 
58362 2014 10 27 10242 10265 10200 180 206 159 150 73 54 0 32766 28 28 52 2 100 2 25 
58362 2014 10 28 10245 10267 10230 181 211 151 133 65 54 32700 32766 1 27 43 4 79 7 79 
58362 2014 10 29 10221 10243 10203 192 202 178 169 76 64 2 32766 2 16 46 6 76 6 0 
58362 2014 10 30 10177 10211 10153 202 213 191 213 90 82 38 32766 36 13 31 8 56 8 0 
58362 2014 10 31 10155 10177 10133 196 230 183 211 93 75 333 32766 11 11 33 14 55 14 0 
58362 2014 11 1 10163 10175 10148 184 196 175 179 85 78 18 32766 18 22 40 13 63 13 0 
